final vol is:  3552.925515249936
[30.01728356  0.27543058 30.53357761]

solver.best_point(): 
(42.81836680622537,
	y:
 array([30.01728356,  0.27543058, 30.53357761]),
	x:
 array([0.98617282, 0.93924445, 1.01752123, 1.0032539 , 1.00835587,
        1.12593931, 1.11174433, 0.89160502, 0.81833936, 1.03773032,
        0.92257342, 0.89875564, 0.86622821, 1.22181683, 1.11086966,
        0.98069335, 0.97733558, 1.1491336 , 0.9977664 , 0.92970678,
        1.03778087, 0.95413795, 0.843284  , 0.84472709, 1.00892979,
        1.03941923, 1.03823467, 1.01775089, 1.12686929, 0.96500662]))
		
front:
	x's:
[array([[0.83326426, 0.75322152, 0.83029221, 0.64641313, 0.81013333,
         1.12593931, 0.73381552, 0.91924614, 0.81833936, 1.03773032,
         0.88782706, 0.89609777, 0.8698533 , 0.80589574, 0.83360933,
         0.90496722, 0.97733558, 0.82483657, 0.9977664 , 1.12459674,
         0.80416928, 0.95413795, 0.66664142, 0.71336946, 0.67560782,
         0.76762528, 0.83477467, 0.84532273, 0.6493013 , 0.84883079],
        [0.83326426, 0.75322152, 0.83029221, 0.89694024, 0.88565096,
         1.12593931, 0.97288216, 0.91924614, 0.81833936, 0.6912797 ,
         0.76337187, 0.89609777, 0.99907462, 0.80589574, 0.97590734,
         1.00805596, 0.79668368, 0.82483657, 0.9977664 , 0.92970678,
         1.03778087, 0.95413795, 0.843284  , 0.84472709, 1.00892979,
         0.76762528, 0.83477467, 0.84532273, 0.6493013 , 0.96500662],
        [0.98617282, 0.97219037, 1.01752123, 1.16232662, 1.16611354,
         1.2153726 , 1.11174433, 0.91924614, 0.95833318, 1.03773032,
         0.92257342, 1.04600191, 1.07753076, 1.22181683, 1.11086966,
         1.2092919 , 0.97733558, 1.1491336 , 0.9977664 , 1.12459674,
         1.03778087, 1.10785436, 1.25112284, 0.84472709, 1.00892979,
         1.03941923, 1.14077359, 1.01331933, 1.06321736, 0.96500662],
        [0.98617282, 0.93924445, 1.01752123, 1.0032539 , 1.00835587,
         0.93765352, 1.11174433, 0.89160502, 0.81833936, 1.03773032,
         0.92257342, 0.89609777, 0.86622821, 0.80589574, 0.97590734,
         1.00805596, 0.79668368, 0.82483657, 0.9977664 , 0.92970678,
         1.03778087, 0.95413795, 0.843284  , 0.84472709, 1.00892979,
         0.76762528, 0.83477467, 0.84532273, 0.6493013 , 0.96500662],
        [0.91899803, 1.38135406, 1.54973   , 1.0032539 , 0.91141755,
         1.12593931, 1.11174433, 1.1408891 , 1.47392209, 1.29165789,
         1.5475039 , 1.21430977, 1.34366742, 1.22181683, 1.15117901,
         1.2092919 , 1.21276093, 1.1491336 , 1.26110692, 1.28593883,
         1.03778087, 1.28755801, 1.17745711, 1.18883221, 1.18313127,
         1.22338919, 1.0849778 , 1.23220698, 1.18668362, 1.16184979],
        [0.98617282, 0.93924445, 1.01752123, 1.0032539 , 1.00835587,
         1.12593931, 1.11174433, 0.89160502, 0.81833936, 1.03773032,
         0.92257342, 0.89875564, 0.86622821, 1.22181683, 1.11086966,
         0.98069335, 0.97733558, 1.1491336 , 0.9977664 , 0.92970678,
         1.03778087, 0.95413795, 0.843284  , 0.84472709, 1.00892979,
         1.03941923, 1.03823467, 1.01775089, 1.12686929, 0.96500662],
        [0.98617282, 0.93924445, 1.26971941, 1.0032539 , 1.00835587,
         1.12593931, 1.11174433, 0.91924614, 1.47392209, 1.29165789,
         1.36802973, 1.21430977, 1.07753076, 1.22181683, 1.15117901,
         1.2092919 , 0.97733558, 1.0048182 , 1.26110692, 1.28593883,
         1.03778087, 1.28755801, 1.17745711, 1.18883221, 1.18313127,
         1.22338919, 1.1696    , 1.23220698, 1.18668362, 1.16184979],
        [0.98617282, 0.97219037, 1.01752123, 1.16232662, 1.16611354,
         1.2153726 , 1.11174433, 0.91924614, 0.95833318, 1.03773032,
         0.92257342, 1.04600191, 1.07753076, 1.22181683, 1.11086966,
         1.2092919 , 0.97733558, 1.1491336 , 0.9977664 , 1.12459674,
         1.03778087, 1.28755801, 0.989709  , 1.18883221, 1.18313127,
         1.22338919, 1.0849778 , 1.0575577 , 1.18668362, 1.16184979],
        [0.98617282, 0.93924445, 1.01752123, 1.0032539 , 1.00835587,
         0.93765352, 1.11174433, 0.89160502, 0.81833936, 1.03773032,
         0.92257342, 0.89609777, 0.86622821, 0.80589574, 0.97590734,
         1.00805596, 0.79668368, 0.82483657, 0.9977664 , 0.92970678,
         1.03778087, 0.95413795, 0.843284  , 0.84472709, 1.00892979,
         0.94448362, 1.03823467, 1.01775089, 1.12686929, 0.96500662],
        [0.83326426, 0.75322152, 0.83029221, 0.64641313, 1.00835587,
         1.12593931, 0.51356682, 0.78403973, 0.63322243, 0.61084488,
         0.55523604, 0.52794847, 0.93677568, 0.77122696, 0.49317982,
         0.47234114, 0.54290075, 0.79357541, 0.51408474, 0.34697815,
         0.35536243, 0.75990857, 0.66664142, 0.71336946, 0.67560782,
         0.76762528, 0.83477467, 0.84532273, 0.6493013 , 0.84883079],
        [0.83326426, 0.75322152, 0.83029221, 0.64641313, 0.81013333,
         1.12593931, 0.73381552, 0.78403973, 0.63322243, 0.91616836,
         0.55523604, 0.52794847, 0.93677568, 0.77122696, 0.49317982,
         0.91896538, 0.97733558, 0.82483657, 0.89592901, 1.12459674,
         0.73667959, 0.95413795, 0.66664142, 0.63156917, 0.67560782,
         0.76762528, 0.83477467, 0.84532273, 0.6493013 , 0.84883079],
        [0.98617282, 0.97219037, 1.01752123, 1.16232662, 1.16611354,
         1.2153726 , 1.11174433, 1.09832265, 0.95833318, 1.03773032,
         0.92257342, 1.04600191, 1.07753076, 1.22181683, 1.15117901,
         1.2092919 , 0.97733558, 1.0048182 , 1.26110692, 1.28593883,
         1.03778087, 1.28755801, 1.17745711, 1.18883221, 1.18313127,
         1.22338919, 1.1696    , 1.23220698, 1.18668362, 1.16184979],
        [0.98617282, 0.97219037, 1.54973   , 1.0032539 , 1.64754514,
         1.12593931, 1.56280881, 1.78204357, 1.47392209, 1.53092656,
         1.27510507, 1.26397111, 1.79689321, 1.48633892, 1.63685692,
         1.21630061, 0.97733558, 1.52542848, 1.26110692, 1.28593883,
         1.32814076, 1.28755801, 1.17745711, 1.39810905, 1.18313127,
         1.22338919, 1.1696    , 1.23220698, 1.18668362, 1.16184979]]),
		 
	y's:
 array([[21.93962532,  1.1577023 , 40.37577927],
        [23.7071038 ,  0.75641799, 37.80573219],
        [34.12019163,  0.40855355, 26.69691547],
        [25.5510331 ,  0.49850712, 35.44598114],
        [44.51287707,  1.97391261, 19.43494815],
        [30.01728356,  0.27543058, 30.53357761],
        [40.75160921,  1.25340357, 21.75519793],
        [36.12664743,  0.55637259, 24.98609775],
        [27.40440492,  0.29124993, 33.17809494],
        [15.39713811,  3.77683453, 52.15653095],
        [19.43211402,  2.02605246, 44.61999091],
        [38.2496281 ,  0.7858079 , 23.3219877 ],
        [54.09239788,  4.67652985, 15.26066182]])]
		
solver.vols: 
[155191.66845552076,
 57483.938086649745,
 87140.30012364137,
 18390.98236986632,
 15309.927905135304,
 31784.26875738337,
 30901.320490267604,
 26339.250602599237,
 37330.13817702264,
 10611.073016564764,
 5953.277950405361,
 9470.270471915148,
 6227.043869140822,
 7142.627836856601,
 8788.384241577556,
 7040.830926593722,
 6889.380383658497,
 7434.578137389449,
 7710.876746903701,
 7983.853024767025,
 8234.875276276607,
 6477.560210126704,
 7074.046692586324,
 5010.254683195957,
 5519.578586563625,
 5568.12845243476,
 1802.6129945971404,
 1835.4440995767484,
 1942.0901143337317,
 1959.1933850115238,
 1996.9838606420801,
 2172.964528561738,
 2182.617750905547,
 2204.986606536183,
 2231.0073841009944,
 2607.7822536821823,
 2623.823957536189,
 2629.6214724582783,
 2629.348796303345,
 2656.035454828604,
 2735.8820626648276,
 2876.849920128203,
 3043.742489186261,
 3335.677907703016,
 3395.831701814339,
 3391.4565823031994,
 3707.6028999898454,
 3737.244762307681,
 3530.353294675721,
 3552.925515249936]
