final vol is:  326163.48374433845

best point:
 42.42640687119285,
	y:
 array([30.,  0., 30.]),
	x:
 array([1., 1., 1., 1., 1., 1., 1., 1., 1., 1., 1., 1., 1., 1., 1., 1., 1.,
        1., 1., 1., 1., 1., 1., 1., 1., 1., 1., 1., 1., 1.])
Front:
	x's:
[array([[0.        , 0.        , 0.        , 0.        , 0.        ,
         0.        , 0.        , 0.        , 0.        , 0.        ,
         0.        , 0.        , 0.        , 0.        , 0.        ,
         0.        , 0.        , 0.        , 0.        , 0.        ,
         0.        , 0.        , 0.        , 0.        , 0.        ,
         0.        , 0.        , 0.        , 0.        , 0.        ],
        [1.        , 1.        , 1.        , 1.        , 1.        ,
         1.        , 1.        , 1.        , 1.        , 1.        ,
         1.        , 1.        , 1.        , 1.        , 1.        ,
         1.        , 1.        , 1.        , 1.        , 1.        ,
         1.        , 1.        , 1.        , 1.        , 1.        ,
         1.        , 1.        , 1.        , 1.        , 1.        ],
        [2.        , 2.        , 2.        , 2.        , 2.        ,
         2.        , 2.        , 2.        , 2.        , 2.        ,
         2.        , 2.        , 2.        , 2.        , 2.        ,
         2.        , 2.        , 2.        , 2.        , 2.        ,
         2.        , 2.        , 2.        , 2.        , 2.        ,
         2.        , 2.        , 2.        , 2.        , 2.        ],
        [1.        , 1.        , 1.        , 1.        , 1.        ,
         1.        , 0.95720903, 0.9082645 , 1.03121024, 0.7252522 ,
         1.03756646, 0.84172292, 0.77726579, 1.187616  , 0.69938069,
         0.92686322, 0.91328672, 0.92112092, 0.66536595, 0.87164318,
         0.96322399, 0.94325251, 0.95391995, 0.94055349, 1.        ,
         0.69293303, 0.6388486 , 0.64541732, 0.55286672, 0.74948965],
        [1.        , 1.        , 1.        , 1.        , 1.        ,
         1.        , 1.        , 1.        , 1.        , 1.        ,
         1.        , 1.        , 1.        , 1.26872204, 1.17645934,
         1.22438616, 1.21218192, 1.22713057, 1.41901516, 1.21561337,
         1.17918368, 1.23491535, 1.25139097, 1.13501353, 1.13575728,
         0.98004115, 1.41219047, 1.16125281, 1.15210271, 1.34625181],
        [1.55974095, 1.41478238, 1.36098127, 1.41647891, 1.44842197,
         1.30529254, 1.4427594 , 1.38276554, 1.50379941, 1.58590108,
         1.38580136, 1.38243949, 1.45751795, 1.2468986 , 1.41428603,
         1.45260024, 1.34156869, 1.22713057, 1.41901516, 1.21561337,
         1.17918368, 1.16457632, 1.25139097, 1.5948163 , 1.60238624,
         1.41998002, 1.2629685 , 1.3530781 , 1.33784076, 1.1999273 ],
        [0.73840038, 0.4396458 , 0.36808099, 0.45580946, 0.73127621,
         0.54853934, 0.47288092, 0.65775676, 0.60282831, 0.60647836,
         0.29340952, 0.25206192, 0.40821473, 0.33096667, 0.69938069,
         0.7753754 , 0.15260016, 0.33128992, 0.32831247, 0.42267997,
         0.62598946, 0.86215964, 0.52075528, 0.35765666, 0.52270024,
         0.60384729, 0.6388486 , 0.55247104, 0.55286672, 0.74948965],
        [1.        , 1.        , 1.        , 1.41647891, 1.44842197,
         1.30529254, 1.4427594 , 1.38276554, 1.24295283, 1.07990776,
         1.39177388, 1.18619493, 1.32817109, 1.26872204, 1.17645934,
         1.22438616, 1.21218192, 1.22713057, 1.41901516, 1.21561337,
         1.17918368, 1.16457632, 1.25139097, 1.13501353, 1.13575728,
         0.98004115, 1.41219047, 1.16125281, 1.15210271, 1.1999273 ],
        [1.55974095, 1.41478238, 1.281098  , 1.41647891, 1.44842197,
         1.30529254, 1.19731664, 1.38276554, 1.24295283, 1.07990776,
         1.39177388, 1.15179807, 1.32817109, 1.26872204, 1.17645934,
         1.22438616, 1.21218192, 1.22713057, 1.41901516, 1.21561337,
         1.17918368, 1.16457632, 1.25139097, 1.5948163 , 1.29533087,
         1.41998002, 1.2629685 , 1.18866956, 1.15210271, 1.34625181],
        [0.47477872, 0.        , 0.        , 0.        , 0.        ,
         0.        , 0.        , 0.        , 0.60282831, 0.38093851,
         0.29340952, 0.25206192, 0.24823697, 0.33096667, 0.12485467,
         0.7753754 , 0.15260016, 0.33128992, 0.32831247, 0.42267997,
         0.26200021, 0.86215964, 0.52075528, 0.35765666, 0.52270024,
         0.60384729, 0.6388486 , 0.55247104, 0.55286672, 0.74948965],
        [1.        , 0.90960856, 1.06634861, 0.86562341, 0.73127621,
         0.72605598, 0.95720903, 0.8370933 , 1.03121024, 0.7252522 ,
         1.03756646, 0.68288352, 0.81201416, 0.64393076, 0.69938069,
         0.77137026, 0.62125354, 0.61463556, 0.32831247, 0.6758374 ,
         0.68263977, 0.86215964, 0.95391995, 0.5805392 , 0.52270024,
         0.60384729, 0.6388486 , 0.55247104, 0.55286672, 0.74948965],
        [1.55974095, 1.41478238, 1.36098127, 1.41647891, 1.44842197,
         1.22890921, 1.4427594 , 1.38276554, 1.50379941, 1.51450879,
         1.64343249, 2.0075628 , 1.59047978, 1.75262162, 1.45045932,
         1.45260024, 1.3952403 , 1.49408171, 1.41901516, 1.43139424,
         1.38084362, 1.50878228, 1.66304811, 1.5948163 , 1.60238624,
         1.68428283, 1.27287016, 1.3530781 , 1.15210271, 1.34625181],
        [1.55974095, 1.7106507 , 1.79167975, 1.73518301, 1.64570781,
         1.53452306, 1.4427594 , 2.        , 2.        , 2.        ,
         2.        , 2.        , 2.        , 1.2468986 , 1.60276359,
         1.45260024, 1.3952403 , 1.49408171, 1.41901516, 1.43139424,
         1.38084362, 1.82182426, 1.66304811, 1.5948163 , 1.60238624,
         1.68428283, 1.27287016, 1.54284346, 1.66141755, 1.17745532],
        [0.73840038, 0.4396458 , 0.36808099, 0.45580946, 0.73127621,
         0.54853934, 0.60496874, 0.65775676, 0.60282831, 0.38093851,
         0.29340952, 0.84754614, 1.02677237, 0.64393076, 0.69938069,
         0.77137026, 0.62125354, 0.61463556, 0.32831247, 0.6758374 ,
         0.68263977, 0.90838234, 0.95391995, 0.5805392 , 0.52270024,
         0.60384729, 0.6388486 , 0.55247104, 0.55286672, 0.74948965]]),
		 
	y's:
 array([[  0.        ,  30.        , 120.        ],
        [ 30.        ,   0.        ,  30.        ],
        [120.        ,  30.        ,   0.        ],
        [ 24.14780666,   1.0592605 ,  37.97071434],
        [ 38.462063  ,   0.99884636,  23.53562972],
        [ 57.37848449,   4.7185983 ,  12.0587121 ],
        [  8.99341983,   7.78787469,  66.58232956],
        [ 45.54170312,   2.06237586,  18.58304859],
        [ 50.62569556,   3.02713586,  15.42857615],
        [  5.52066172,  14.83840463,  84.15614753],
        [ 17.68628475,   2.81359583,  47.94090692],
        [ 66.7253332 ,   7.78833791,   8.85134262],
        [ 81.28655257,  13.55849984,   5.83044712],
        [ 12.66707223,   5.0742762 ,  57.48148017]])]
		
solver.vols:

[324533.7404293779,
 325532.90994768805,
 325288.09231309453,
 325834.77333198057,
 325947.07692977815,
 326154.1033619804,
 326222.15874788887,
 326137.9120965881,
 326205.6877960106,
 326052.05392435874,
 325600.8227894273,
 326053.88908766373,
 326171.180429707,
 326227.8295965551,
 326227.07130858686,
 326266.6474381071,
 326183.248029456,
 326172.8905786405,
 325955.520139356,
 325749.69252304354,
 325859.5320337975,
 325907.0458511176,
 325951.1626712178,
 325842.5764837047,
 326025.56827620533,
 326163.48374433845]
