final vol is:  34682.515623485226

   
solver.best_point():
	42.73660873582616,
  y:
	array([30.81361801,  0.21300114, 29.61238426]),
  x:
	array([1.15213341, 0.90960856, 1.16189286, 0.86562341, 1.00924527,
        1.13531585, 0.95720903, 1.03783263, 1.03121024, 1.04864316,
        1.03756646, 0.92818644, 1.11337254, 1.20846458, 1.00637802,
        1.05147156, 1.09842768, 1.03094029, 0.91242708, 1.0497931 ,
        0.96792834, 0.94325251, 0.95391995, 0.94055349, 0.98130018,
        0.98004115, 0.9075965 , 0.99700059, 0.93936164, 0.9436119 ])

front: 
   x's:
	[array([[0.73840038, 0.83569956, 0.58592008, 0.45580946, 0.73127621,
         0.54853934, 0.47288092, 0.65775676, 0.60282831, 0.38093851,
         0.29340952, 0.25206192, 0.40821473, 0.33096667, 0.69938069,
         0.7753754 , 0.15260016, 0.26247777, 0.32831247, 0.42267997,
         0.68263977, 0.86215964, 0.52075528, 0.35765666, 0.52270024,
         0.60384729, 0.6388486 , 0.78542322, 0.41624243, 0.44355765],
        [2.20598132, 2.43443422, 1.79167975, 1.73518301, 1.54151773,
         1.53452306, 1.4427594 , 1.42981977, 1.50379941, 1.51450879,
         1.64343249, 2.0075628 , 1.11337254, 1.75262162, 1.45045932,
         1.39167276, 1.6928765 , 1.13315894, 1.83841234, 1.96962682,
         1.56275538, 1.50878228, 1.10238113, 1.5948163 , 1.35099194,
         1.58424773, 1.27812068, 1.36482406, 1.80998076, 1.45456906],
        [1.15213341, 0.90960856, 1.16189286, 0.86562341, 1.00924527,
         1.13531585, 0.95720903, 1.03783263, 1.03121024, 1.04864316,
         1.03756646, 0.92818644, 1.11337254, 1.20846458, 1.00637802,
         1.05147156, 1.09842768, 1.03094029, 0.91242708, 1.0497931 ,
         0.96792834, 0.94325251, 0.95391995, 0.94055349, 0.98130018,
         0.98004115, 0.9075965 , 0.99700059, 0.93936164, 0.9436119 ],
        [0.73840038, 0.83569956, 0.58592008, 0.45580946, 0.73127621,
         0.54853934, 0.47288092, 0.65460999, 0.60282831, 0.7252522 ,
         0.63395576, 0.45687496, 0.77726579, 0.64393076, 0.69938069,
         0.77137026, 0.60947352, 0.61463556, 0.32831247, 0.42267997,
         0.68263977, 0.86215964, 0.52075528, 0.35765666, 0.52270024,
         0.74381605, 0.6388486 , 0.64541732, 0.55286672, 0.65560108],
        [0.84054237, 0.83569956, 0.71845881, 0.86562341, 0.73127621,
         1.05609681, 0.91638443, 0.81132582, 1.03121024, 0.7252522 ,
         1.03756646, 0.84172292, 0.77726579, 0.78430256, 0.69938069,
         0.92686322, 0.91328672, 0.92112092, 0.66536595, 0.87164318,
         0.96322399, 0.94325251, 0.95391995, 0.94055349, 0.98130018,
         0.98004115, 0.9075965 , 0.99700059, 0.97657089, 0.9436119 ],
        [0.84054237, 0.83569956, 0.71845881, 0.86562341, 0.73127621,
         1.05609681, 0.91638443, 0.81132582, 1.03121024, 0.7252522 ,
         1.03756646, 0.92818644, 0.77726579, 1.20085523, 0.69938069,
         0.92686322, 0.91328672, 0.92112092, 0.91242708, 1.0497931 ,
         0.96792834, 0.94325251, 0.95391995, 0.94055349, 0.98130018,
         0.98004115, 0.9075965 , 0.99700059, 0.97657089, 0.9436119 ],
        [1.15213341, 1.33621021, 1.281098  , 1.41647891, 1.44842197,
         1.30529254, 1.4427594 , 1.38276554, 1.23044364, 1.07990776,
         1.38580136, 1.15179807, 1.32817109, 1.26872204, 1.17645934,
         1.22438616, 1.21218192, 1.22713057, 1.41901516, 1.3357692 ,
         1.38084362, 1.50878228, 1.40024642, 1.13501353, 1.22410592,
         0.98004115, 1.21140258, 1.16125281, 1.15210271, 1.17745532],
        [1.15213341, 0.90960856, 1.16189286, 0.86562341, 1.00924527,
         1.13531585, 0.95720903, 1.03783263, 1.03121024, 1.04864316,
         1.03756646, 1.15179807, 1.10541301, 1.2468986 , 1.17645934,
         1.22438616, 1.21218192, 1.21453991, 1.06515541, 1.21561337,
         1.06102361, 1.16457632, 1.25139097, 1.13501353, 1.13575728,
         0.98004115, 1.21140258, 1.16125281, 1.15210271, 1.17745532],
        [0.73840038, 0.83569956, 0.58592008, 0.45580946, 0.73127621,
         0.54853934, 0.47288092, 0.65460999, 0.60282831, 0.7252522 ,
         0.58371937, 0.45687496, 0.77726579, 0.64393076, 0.69938069,
         0.77137026, 0.70233547, 0.88854714, 0.66536595, 0.61895761,
         0.96322399, 0.80561605, 0.57128283, 0.9491119 , 0.54828688,
         0.74381605, 0.6388486 , 0.64541732, 0.55286672, 0.65560108],
        [0.73840038, 0.83569956, 0.58592008, 0.45580946, 0.73127621,
         0.54853934, 0.47288092, 0.65460999, 0.60282831, 0.7252522 ,
         0.58371937, 0.45687496, 0.77726579, 0.64393076, 0.69938069,
         0.58059092, 0.70233547, 0.88854714, 0.66536595, 0.61895761,
         0.96322399, 0.80561605, 0.93762621, 0.9491119 , 0.91353874,
         0.74381605, 0.68035542, 0.64541732, 0.87921843, 0.74948965],
        [0.84054237, 0.64342373, 0.71845881, 0.86562341, 0.73127621,
         0.78510617, 0.95720903, 0.81132582, 1.03121024, 0.7252522 ,
         0.63395576, 0.92818644, 0.77726579, 0.64393076, 0.69938069,
         0.77137026, 0.70233547, 0.88854714, 0.66536595, 0.61895761,
         0.96322399, 0.80561605, 0.93762621, 0.9491119 , 0.54828688,
         0.74381605, 0.6388486 , 0.64541732, 0.55286672, 0.74948965],
        [0.84054237, 0.83569956, 0.71845881, 1.13333467, 0.73127621,
         1.05609681, 0.91638443, 0.81132582, 1.03121024, 1.04864316,
         1.03756646, 0.92818644, 1.11337254, 1.20085523, 0.69938069,
         0.92686322, 0.91328672, 0.92112092, 0.91242708, 1.0497931 ,
         0.96792834, 0.94325251, 0.95391995, 0.94055349, 0.98130018,
         0.98004115, 0.9075965 , 0.99700059, 0.97657089, 0.9436119 ],
        [0.7374972 , 0.83569956, 0.58592008, 0.86562341, 0.73127621,
         0.78510617, 0.95720903, 0.81132582, 1.03121024, 1.012083  ,
         0.63395576, 0.92818644, 0.77726579, 0.64393076, 0.69938069,
         0.92686322, 0.91328672, 0.92112092, 0.77716953, 0.87164318,
         0.96322399, 0.80561605, 0.93762621, 0.9491119 , 0.91353874,
         0.74381605, 0.68035542, 0.64541732, 0.87921843, 0.74948965],
        [1.48481263, 1.64056756, 1.281098  , 1.41647891, 1.54151773,
         1.84970004, 1.4427594 , 1.42981977, 1.53323947, 1.56869927,
         1.64343249, 2.0075628 , 1.11337254, 1.75262162, 1.60276359,
         1.22438616, 1.3952403 , 1.22713057, 1.52971042, 1.3357692 ,
         1.38084362, 1.50878228, 1.40024642, 1.5948163 , 1.35099194,
         1.58424773, 1.27812068, 1.3530781 , 1.66141755, 1.17745532],
        [1.48481263, 1.41478238, 1.36098127, 1.41647891, 1.44842197,
         1.30529254, 1.4427594 , 1.38276554, 1.50379941, 1.58590108,
         1.38580136, 1.15179807, 1.45751795, 1.2468986 , 1.60276359,
         1.45260024, 1.3952403 , 1.22713057, 1.41901516, 1.3357692 ,
         1.38084362, 1.16457632, 1.25139097, 1.13501353, 1.13575728,
         1.25143143, 1.21140258, 1.16125281, 1.15210271, 1.17745532],
        [1.48481263, 1.41478238, 1.36098127, 1.41647891, 1.44842197,
         1.30529254, 1.4427594 , 1.38276554, 1.50379941, 1.50830886,
         1.38580136, 1.15179807, 1.45751795, 1.2468986 , 1.60276359,
         1.45260024, 1.3952403 , 1.22713057, 1.41901516, 1.3357692 ,
         1.38084362, 1.50878228, 1.40024642, 1.5948163 , 1.35099194,
         1.58424773, 1.21140258, 1.16125281, 1.15210271, 1.17745532],
        [1.48481263, 1.41478238, 1.36098127, 1.41647891, 1.44842197,
         1.30529254, 1.4427594 , 1.38276554, 1.50379941, 1.58590108,
         1.38580136, 1.15179807, 1.45751795, 1.2468986 , 1.60276359,
         1.45260024, 1.3952403 , 1.22713057, 1.41901516, 1.43139424,
         1.38084362, 1.50878228, 1.40024642, 1.5948163 , 1.35099194,
         1.58424773, 1.27812068, 1.3530781 , 1.66141755, 1.17745532],
        [1.15213341, 0.90960856, 1.16189286, 0.86562341, 1.00924527,
         1.13531585, 0.95720903, 1.03783263, 1.03121024, 1.04864316,
         1.03756646, 0.92818644, 1.11337254, 1.20846458, 1.00637802,
         1.08858723, 1.09842768, 1.03094029, 0.91242708, 1.11858015,
         0.96355822, 1.16457632, 1.20954203, 1.13501353, 1.22410592,
         0.98004115, 1.21140258, 1.16125281, 1.15210271, 1.17745532],
        [1.15213341, 1.33621021, 1.281098  , 1.41647891, 1.44842197,
         1.30529254, 1.4427594 , 1.38276554, 1.23044364, 1.07990776,
         1.22756993, 1.30444177, 1.10541301, 1.2468986 , 1.17645934,
         1.22438616, 1.21218192, 1.21453991, 1.06515541, 1.21561337,
         0.96792834, 1.16457632, 1.25139097, 1.13501353, 1.13575728,
         0.98004115, 1.21140258, 1.16125281, 1.15210271, 1.17745532],
        [1.15213341, 1.33621021, 1.281098  , 0.95182012, 1.23160644,
         1.30529254, 1.0999312 , 1.03783263, 1.03121024, 1.04864316,
         1.03007736, 1.15179807, 1.10541301, 1.2468986 , 1.17645934,
         1.22438616, 1.39427091, 1.21453991, 1.13010935, 1.21561337,
         1.17918368, 1.16457632, 1.25139097, 1.13501353, 1.13575728,
         0.98004115, 1.21140258, 1.16125281, 1.15210271, 1.17745532]]),
   y's:	 
	array([[ 9.33118805,  7.79246878, 66.2537495 ],
        [78.61851178, 13.14076795,  7.66302413],
        [30.81361801,  0.21300114, 29.61238426],
        [11.91619235,  4.93307721, 57.94996207],
        [23.84284229,  0.7279234 , 37.61300452],
        [25.56399754,  0.58321547, 35.60243339],
        [48.93383095,  2.6614457 , 16.38906046],
        [37.45424342,  0.67675753, 23.89927164],
        [14.15092745,  3.68485564, 53.21878383],
        [15.63375591,  3.16255811, 50.69136032],
        [18.07875119,  2.1326967 , 46.18664222],
        [27.30825915,  0.47305914, 33.63785913],
        [20.7837985 ,  1.35746348, 41.93112846],
        [66.59969706,  7.97833223,  9.35696739],
        [53.99526431,  3.91175088, 13.82823744],
        [57.80425257,  4.87409326, 11.94393394],
        [60.39032547,  5.57801516, 10.76570484],
        [34.93160501,  0.47021406, 26.00882311],
        [44.5886581 ,  1.7784745 , 18.9682909 ],
        [40.93332832,  1.10628756, 21.2792468 ]])]
		
			   
	
