final vol is:  4783.835473594374
[32.93539342  0.79691797 28.65844252]

solver.best_point(): 
	43.66556475568501,
	y:
	array([32.93539342,  0.79691797, 28.65844252]),
	x:
	array([0.87369616, 1.15370628, 1.18930451, 1.1245639 , 1.39199207,
        1.10597279, 1.12432919, 1.04433091, 0.73892935, 0.86422579,
        0.89692095, 0.71592808, 1.19605309, 0.97405913, 1.19746621,
        0.92180827, 1.10168958, 0.70784486, 1.13632902, 1.08790532,
        0.90048967, 1.28942056, 0.98880003, 0.97738627, 1.06179802,
        0.9973419 , 1.15232876, 1.04774527, 0.98197665, 1.12489512])
		
front:
 x's:
[array([[ 1.00394802,  1.46702096,  1.18930451,  1.76811678,  1.23938701,
          1.42361496,  1.12432919,  1.49253498,  1.35795759,  0.86422579,
          1.9374746 ,  0.71592808,  2.52525846,  1.33488561,  1.61019837,
          1.43028818,  1.67866665,  1.0933586 ,  1.13632902,  1.08790532,
          1.19733086,  1.92012347,  1.00445132,  0.97738627,  1.10412813,
          1.78300594,  1.40612081,  1.04774527,  1.30511439,  1.12489512],
        [ 0.98554336,  1.15370628,  1.18930451,  1.1245639 ,  1.39199207,
          1.42361496,  1.12432919,  1.49253498,  1.15427856,  0.86422579,
          1.52096563,  1.276417  ,  1.23045371,  1.40088273,  1.19746621,
          1.43028818,  1.67866665,  1.0933586 ,  1.13632902,  1.08790532,
          1.19733086,  1.92012347,  1.32622892,  0.97738627,  1.10412813,
          1.78300594,  1.40612081,  1.04774527,  1.30511439,  1.12489512],
        [ 0.87369616,  0.64596191,  1.18930451,  0.92935679,  1.06159883,
          0.87985948,  0.48953925,  1.05600064,  0.73892935,  0.71280136,
          0.96854412,  0.73367277,  0.60060056,  1.12512904,  1.16636681,
          0.7669052 ,  1.24508241,  0.70784486,  1.13632902,  1.08790532,
          0.90048967,  1.28942056,  0.98880003,  0.97738627,  1.06179802,
          0.9973419 ,  1.15232876,  1.04774527,  0.98197665,  1.12489512],
        [ 0.87369616,  0.64596191,  1.18930451,  0.92935679,  1.06159883,
          0.99680789,  1.31782913,  1.05600064,  0.73892935,  0.71280136,
          0.96854412,  0.71592808,  0.60060056,  0.93543054,  1.16636681,
          0.7669052 ,  1.10168958,  0.98107065,  1.13632902,  1.08790532,
          0.90048967,  1.28942056,  0.98880003,  0.97738627,  1.06179802,
          0.9973419 ,  1.15232876,  1.04774527,  0.98197665,  1.12489512],
        [ 0.98554336,  1.15370628,  1.18930451,  1.1245639 ,  1.39199207,
          1.24730447,  1.12432919,  1.49253498,  0.73892935,  0.86422579,
          1.41554027,  1.35410063,  1.19605309,  0.97405913,  1.19746621,
          1.43028818,  1.2007721 ,  0.98107065,  1.13632902,  1.08790532,
          0.90048967,  1.40390034,  1.11799854,  0.97738627,  1.36188799,
          1.12478666,  1.15232876,  1.04774527,  1.30511439,  1.12489512],
        [ 0.4699992 ,  0.64596191,  1.18930451,  0.92935679,  1.06159883,
          0.98028509,  0.36723911,  1.05600064,  0.73892935,  0.71280136,
          0.96854412,  0.71592808,  1.19605309, -0.3344425 ,  0.42820756,
          0.586263  ,  0.89398456,  0.70784486,  0.46512739,  0.97241701,
          0.47166758,  1.10748026,  0.45919384,  0.97738627,  1.06179802,
          0.9973419 ,  1.15232876,  1.04774527,  0.98197665,  1.12489512],
        [ 0.98554336,  1.15370628,  1.18930451,  1.1245639 ,  1.39199207,
          1.10597279,  1.12432919,  1.49253498,  0.73892935,  0.86422579,
          0.89692095,  1.08080947,  1.19605309,  0.97405913,  1.19746621,
          0.7669052 ,  1.10168958,  0.98107065,  1.13632902,  1.08790532,
          0.90048967,  1.28942056,  0.98880003,  0.97738627,  1.06179802,
          0.9973419 ,  1.16601179,  1.04774527,  0.98197665,  1.12489512],
        [ 0.98554336,  1.15370628,  1.18930451,  1.1245639 ,  1.39199207,
          1.10597279,  1.12432919,  1.49253498,  0.73892935,  0.86422579,
          0.89692095,  1.08080947,  1.19605309,  0.97405913,  1.19746621,
          1.43028818,  1.10168958,  1.0036165 ,  1.13632902,  1.08790532,
          0.90048967,  1.28942056,  1.11799854,  0.97738627,  1.36188799,
          1.12478666,  1.15232876,  1.04774527,  1.30511439,  1.12489512],
        [ 0.98554336,  1.15370628,  1.18930451,  1.1245639 ,  1.39199207,
          1.42361496,  1.12432919,  1.49253498,  1.15427856,  0.86422579,
          1.52096563,  1.276417  ,  1.23045371,  1.40088273,  1.19746621,
          1.43028818,  1.67866665,  1.0933586 ,  1.13632902,  1.08790532,
          1.19733086,  1.92012347,  1.32622892,  0.97738627,  1.11303579,
          1.12478666,  1.15232876,  1.04774527,  0.98197665,  1.12489512],
        [ 0.98554336,  1.15370628,  1.18930451,  1.1245639 ,  1.39199207,
          1.42361496,  1.12432919,  1.49253498,  1.15427856,  0.86422579,
          1.52096563,  1.276417  ,  1.23045371,  1.40088273,  1.10737909,
          1.43028818,  1.67866665,  1.0933586 ,  1.13632902,  1.08790532,
          1.19733086,  1.28942056,  0.98880003,  0.97738627,  1.06179802,
          0.9973419 ,  1.15232876,  1.04774527,  0.98197665,  1.12489512],
        [ 0.87369616,  1.15370628,  1.18930451,  1.1245639 ,  1.39199207,
          1.10597279,  1.12432919,  1.04433091,  0.73892935,  0.86422579,
          0.89692095,  0.71592808,  1.19605309,  0.97405913,  1.19746621,
          0.92180827,  1.10168958,  0.70784486,  1.13632902,  1.08790532,
          0.90048967,  1.28942056,  0.98880003,  0.97738627,  1.06179802,
          0.9973419 ,  1.15232876,  1.04774527,  0.98197665,  1.12489512],
        [ 0.87369616,  0.64596191,  1.18930451,  0.92935679,  1.06159883,
          0.99680789,  1.31782913,  1.05600064,  0.73892935,  0.71280136,
          0.96854412,  0.71592808,  0.60060056,  0.93543054,  0.66745917,
          0.586263  ,  0.89398456,  0.70784486,  0.46512739,  0.93155845,
          0.47166758,  1.28942056,  0.98880003,  0.97738627,  1.06179802,
          0.9973419 ,  1.15232876,  1.04774527,  0.98197665,  1.12489512],
        [ 0.87369616,  0.64596191,  1.18930451,  0.92935679,  1.06159883,
          0.87985948,  0.48953925,  1.05600064,  0.73892935,  0.71280136,
          0.96854412,  0.71592808,  0.60060056,  0.93543054,  1.16636681,
          0.586263  ,  0.89398456,  0.70784486,  0.46512739,  0.68521655,
          0.47166758,  1.28942056,  0.45919384,  0.97738627,  1.06179802,
          0.9973419 ,  1.15232876,  0.79111405,  0.98197665,  1.12489512]]),
		  
	y's:
 array([[58.42457528,  7.72250677, 17.02043826],
        [50.18012808,  3.88231643, 17.58450477],
        [28.53029663,  1.2550753 , 33.97985397],
        [29.95513207,  0.9446546 , 31.93417714],
        [41.33622518,  1.73112217, 22.12601916],
        [22.68318365,  4.41674837, 46.15031308],
        [35.16756415,  0.9152119 , 26.66285965],
        [38.64718806,  1.29060226, 23.93401646],
        [46.89755309,  3.05222425, 19.20689541],
        [43.50260202,  2.13107607, 20.75955012],
        [32.93539342,  0.79691797, 28.65844252],
        [25.94076786,  1.76399287, 37.58721788],
        [23.50212481,  2.28316972, 41.06421463]])]
		
solver.vols: 
[2363.3756397770094,
 9928.255999720417,
 19.37883091921614,
 1651.2723996451482,
 790.7588564769869,
 801.762811575635,
 91.09591548433178,
 166.23252560813515,
 321.5633783078735,
 241.1250285564721,
 576.26221110697,
 944.6019569836477,
 590.6568383287216,
 1354.4890874357732,
 1965.424016156496,
 2104.3968737788405,
 2204.705519374502,
 2481.2380365791905,
 2801.0402507663625,
 2979.4109189731967,
 3317.23061408038,
 3725.927461385968,
 4616.170238192986,
 4772.152442580843,
 4783.835473594374]